2 -365
4 -304
6 -254
8 -201
10 -174
12 -127
14 -100
16 -79
18 -62
20 -39
22 -32
24 -30
26 -27
28 -24
30 -23
32 -23
34 -22
36 -21
38 -20
40 -22
42 -23
44 -25
46 -22
48 -23
50 -23
52 -24
54 -20
56 -22
58 -24
60 -24
62 -27
64 -26
66 -27
68 -25
70 -24
72 -26
74 -22
76 -29
78 -23
80 -28
82 -26
84 -29
86 -25
88 -28
90 -29
92 -29
94 -31
96 -28
98 -34
100 -32
102 -32
104 -32
106 -34
108 -32
110 -29
112 -33
114 -33
116 -34
118 -30
120 -37
122 -33
124 -34
126 -32
128 -37
130 -32
132 -38
134 -35
136 -37
138 -35
140 -36
142 -34
144 -41
146 -34
148 -42
150 -40
152 -37
154 -39
156 -44
158 -34
160 -38
162 -44
164 -44
166 -42
168 -49
170 -45
172 -44
174 -44
176 -39
178 -46
180 -44
182 -48
184 -42
186 -49
188 -41
190 -47
192 -48
194 -50
196 -38
198 -50
200 -42
