color #000000
line 0 325 122 440
line 122 440 780 205
line 781 326 217 554
line 217 554 290 639
rect 138 179 233 321
rect 353 105 425 242
rect 523 71 593 179
rect 690 32 763 143
line 137 180 108 137
line 108 137 102 284
line 102 284 138 321
line 108 139 197 137
line 197 137 233 180
rect 150 199 161 212
rect 152 231 160 241
rect 151 257 161 271
rect 202 196 211 211
rect 198 232 210 242
rect 198 258 210 272
rect 170 286 195 321
rect 366 123 374 134
rect 400 123 409 134
rect 367 150 376 160
rect 401 148 408 159
rect 366 179 377 192
rect 401 177 408 188
rect 380 211 401 242
line 353 106 326 84
line 326 85 326 219
line 326 219 354 241
line 327 87 399 84
line 399 84 424 106
rect 533 84 539 96
rect 535 113 540 123
rect 536 141 543 151
rect 570 82 578 96
rect 570 115 577 126
rect 570 142 577 154
rect 548 159 565 179
line 524 72 500 55
line 500 55 501 155
line 501 155 523 179
line 500 56 571 52
line 571 52 592 71
rect 700 48 707 57
rect 702 72 708 80
rect 702 96 709 105
rect 744 48 751 57
rect 742 70 749 85
rect 740 95 750 106
rect 716 116 737 143
line 691 33 671 19
line 671 19 667 116
line 667 116 690 143
line 671 20 745 16
line 745 16 762 33
rect 417 517 490 610
rect 625 447 713 544
rect 427 531 437 539
rect 464 532 476 539
rect 429 552 437 562
rect 464 550 474 563
rect 431 574 435 581
rect 465 574 474 582
rect 444 589 463 610
rect 638 459 648 471
rect 689 460 701 472
rect 639 481 648 489
rect 690 482 695 495
rect 643 503 651 510
rect 689 504 700 511
rect 661 519 683 544
line 418 518 447 493
line 447 493 507 498
line 507 498 489 518
line 506 499 513 581
line 513 581 491 609
line 625 447 671 412
line 671 412 739 416
line 739 416 712 448
line 737 417 744 512
line 744 512 713 543
