color #000000
line 97 102 407 309
line 114 246 467 104
rect 184 107 324 287
circ 163 130 304 247
color #dc2323
circ 235 133 247 151
circ 216 169 243 158
circ 231 130 264 159
line 127 126 416 112
line 416 112 404 207
line 404 207 189 183
line 189 183 91 189
line 91 189 64 262
line 64 262 123 87
line 123 87 207 16
line 207 16 211 114
line 211 114 143 109
line 143 109 128 124
line 128 124 128 126
line 128 126 128 126
fill 236 139
fill 236 178
fill 214 196
fill 337 138
color #7ca259
fill 311 184
fill 289 112
fill 244 90
fill 241 97
fill 192 94
