color #000000
line 230 142 436 305
line 590 207 487 405
line 227 334 547 516
color #ff0000
line 104 354 607 396
line 304 274 379 158
line 547 223 698 375
color #0000ff
rect 270 239 528 432
rect 392 308 325 96
rect 127 176 254 395
color #07ff00
circ 266 510 391 503
circ 297 84 425 301
circ 24 13 609 515
color #ff9700
line 776 490 690 236
line 690 236 441 60
line 441 60 255 110
line 255 110 88 216
line 88 216 102 364
line 102 364 205 494
line 205 494 459 544
line 459 544 570 484
line 570 484 658 332
line 658 332 696 234
line 696 234 170 153
color #ff0090
fill 456 330
fill 253 571
fill 188 329
fill 385 252
fill 349 140
color #00d2ff
fill 264 341
fill 572 450
