color #000000
circ 206 130 231 166
circ 521 98 540 131
circ 188 121 190 122
circ 218 121 220 122
circ 505 85 507 87
circ 533 85 536 87
line 188 153 218 154
line 504 113 532 114
rect 198 173 212 200
rect 513 137 528 158
rect 158 200 254 303
rect 478 158 564 253
line 523 253 472 337
line 472 337 565 338
line 565 338 522 254
rect 165 303 188 393
rect 224 303 248 391
rect 492 338 500 358
rect 537 338 544 358
line 158 200 138 200
line 138 200 121 261
line 121 261 141 260
line 141 260 158 200
line 252 200 278 200
line 278 200 307 256
line 307 256 280 257
line 280 257 255 200
line 478 158 459 159
line 459 159 442 215
line 442 215 459 214
line 459 214 478 159
line 563 159 583 159
line 583 159 612 201
line 612 201 590 204
line 590 204 565 159
