color #000000
line 154 89 674 319
line 221 432 531 104
rect 42 47 232 160
rect 255 50 460 168
circ 302 259 362 294
circ 63 218 128 261
line 434 481 570 415
line 570 415 663 519
line 663 519 561 610
line 561 610 478 594
line 478 594 404 530
line 404 530 462 496
line 462 496 544 454
line 544 454 599 478
line 599 478 619 512
line 619 512 597 550
line 597 550 547 583
line 547 583 497 587
line 497 587 479 566
line 479 566 482 522
line 482 522 522 478
line 522 478 559 482
line 559 482 576 497
line 576 497 577 521
line 577 521 547 551
line 547 551 511 558
line 511 558 503 540
line 503 540 515 515
line 515 515 541 505
line 541 505 551 508
line 551 508 551 522
line 551 522 543 532
line 543 532 530 533
line 530 533 523 532
line 523 532 110 473
line 110 473 201 433
line 201 433 275 456
line 275 456 298 518
line 298 518 245 578
line 245 578 191 581
line 191 581 180 529
line 180 529 202 487
line 202 487 245 484
line 245 484 267 533
line 267 533 237 566
line 237 566 214 560
line 214 560 214 526
line 214 526 236 511
line 236 511 250 523
line 250 523 244 540
line 244 540 229 542
line 229 542 228 532
line 228 532 231 527
line 231 527 231 527
color #e41b1b
line 631 119 525 337
line 542 184 653 354
rect 292 74 403 122
rect 330 89 368 101
line 364 453 442 391
line 442 391 455 431
line 455 431 354 447
line 354 447 356 392
line 356 392 442 421
line 442 421 433 486
line 433 486 387 489
line 387 489 403 380
line 403 380 416 359
color #68ac63
line 416 359 64 176
line 69 334 53 210
line 74 343 66 209
line 103 310 88 216
line 45 313 39 218
circ 305 229 325 263
circ 289 218 314 243
circ 280 212 307 228
rect 51 50 143 132
rect 61 59 133 124
rect 72 69 126 116
rect 84 77 118 107
rect 94 84 110 95
line 688 57 688 201
line 640 73 686 240
line 597 65 696 344
line 549 55 716 443
